# generated by PrusaSlicer 2.1.0+linux64 on 2019-12-15 at 18:53:16 UTC
bed_custom_model = 
bed_custom_texture = 
bed_shape = 119.543x10.4587,118.177x20.8378,115.911x31.0583,112.763x41.0424,108.757x50.7142,103.923x60,98.2982x68.8292,91.9253x77.1345,84.8528x84.8528,77.1345x91.9253,68.8292x98.2982,60x103.923,50.7142x108.757,41.0424x112.763,31.0583x115.911,20.8378x118.177,10.4587x119.543,7.34788e-15x120,-10.4587x119.543,-20.8378x118.177,-31.0583x115.911,-41.0424x112.763,-50.7142x108.757,-60x103.923,-68.8292x98.2982,-77.1345x91.9253,-84.8528x84.8528,-91.9253x77.1345,-98.2982x68.8292,-103.923x60,-108.757x50.7142,-112.763x41.0424,-115.911x31.0583,-118.177x20.8378,-119.543x10.4587,-120x1.46958e-14,-119.543x-10.4587,-118.177x-20.8378,-115.911x-31.0583,-112.763x-41.0424,-108.757x-50.7142,-103.923x-60,-98.2982x-68.8292,-91.9253x-77.1345,-84.8528x-84.8528,-77.1345x-91.9253,-68.8292x-98.2982,-60x-103.923,-50.7142x-108.757,-41.0424x-112.763,-31.0583x-115.911,-20.8378x-118.177,-10.4587x-119.543,-2.20436e-14x-120,10.4587x-119.543,20.8378x-118.177,31.0583x-115.911,41.0424x-112.763,50.7142x-108.757,60x-103.923,68.8292x-98.2982,77.1345x-91.9253,84.8528x-84.8528,91.9253x-77.1345,98.2982x-68.8292,103.923x-60,108.757x-50.7142,112.763x-41.0424,115.911x-31.0583,118.177x-20.8378,119.543x-10.4587,120x-2.93915e-14
before_layer_gcode = 
between_objects_gcode = 
cooling_tube_length = 5
cooling_tube_retraction = 91.5
default_filament_profile = ""
default_print_profile = 
deretract_speed = 0
end_gcode = M104 S0; hotend off\nM140 S0; bed off\nG28; home X axis\nM84; disable motors\n
extra_loading_move = -2
extruder_colour = ""
extruder_offset = 0x0
gcode_flavor = marlin
high_current_on_filament_swap = 0
host_type = duet
inherits = 
layer_gcode = 
machine_max_acceleration_e = 1000,600
machine_max_acceleration_extruding = 1000,1250
machine_max_acceleration_retracting = 5000,1250
machine_max_acceleration_x = 1000,600
machine_max_acceleration_y = 1000,600
machine_max_acceleration_z = 1000,600
machine_max_feedrate_e = 30,205
machine_max_feedrate_x = 900,500
machine_max_feedrate_y = 900,500
machine_max_feedrate_z = 900,500
machine_max_jerk_e = 5,5
machine_max_jerk_x = 15,2
machine_max_jerk_y = 15,2
machine_max_jerk_z = 15,2
machine_min_extruding_rate = 0,0
machine_min_travel_rate = 0,0
max_layer_height = 0
max_print_height = 225
min_layer_height = 0.07
nozzle_diameter = 0.4
parking_pos_retraction = 92
print_host = 
printer_model = 
printer_notes = 
printer_settings_id = 
printer_technology = FFF
printer_variant = 
printer_vendor = 
printhost_apikey = 
printhost_cafile = 
remaining_times = 1
retract_before_travel = 2
retract_before_wipe = 0%
retract_layer_change = 0
retract_length = 2
retract_length_toolchange = 10
retract_lift = 0
retract_lift_above = 0
retract_lift_below = 0
retract_restart_extra = 0
retract_restart_extra_toolchange = 0
retract_speed = 40
serial_port = 
serial_speed = 250000
silent_mode = 0
single_extruder_multi_material = 0
start_gcode = G28 ; home all axes\nG1 Z100 F5000; lift nozzle\nG1 E10 F300\nG92 E0\nM0 Clean nozzle\n
toolchange_gcode = 
use_firmware_retraction = 1
use_relative_e_distances = 0
use_volumetric_e = 0
variable_layer_height = 1
wipe = 0
z_offset = 0
